0.0
0.00800000037997961
0.01600000075995922
0.024000000208616257
0.03200000151991844
0.03999999910593033
0.04800000041723251
0.0560000017285347
0.06400000303983688
0.07199999690055847
0.07999999821186066
0.08799999952316284
0.09600000083446503
0.10400000214576721
0.1120000034570694
0.11999999731779099
0.12800000607967377
0.13600000739097595
0.14399999380111694
0.15199999511241913
0.1599999964237213
0.1679999977350235
0.17599999904632568
0.18400000035762787
0.19200000166893005
0.20000000298023224
0.20800000429153442
0.2160000056028366
0.2240000069141388
0.23199999332427979
0.23999999463558197
0.24799999594688416
0.25600001215934753
0.2639999985694885
0.2720000147819519
0.2800000011920929
0.2879999876022339
0.29600000381469727
0.30399999022483826
0.31200000643730164
0.3199999928474426
0.328000009059906
0.335999995470047
0.3440000116825104
0.35199999809265137
0.36000001430511475
0.36800000071525574
0.37599998712539673
0.3840000033378601
0.3919999897480011
0.4000000059604645
0.40799999237060547
0.41600000858306885
0.42399999499320984
0.4320000112056732
0.4399999976158142
0.4480000138282776
0.4560000002384186
0.46399998664855957
0.47200000286102295
0.47999998927116394
0.4880000054836273
0.4959999918937683
0.5040000081062317
0.5120000243186951
0.5199999809265137
0.527999997138977
0.5360000133514404
0.5440000295639038
0.5519999861717224
0.5600000023841858
0.5680000185966492
0.5759999752044678
0.5839999914169312
0.5920000076293945
0.6000000238418579
0.6079999804496765
0.6159999966621399
0.6240000128746033
0.6320000290870667
0.6399999856948853
0.6480000019073486
0.656000018119812
0.6639999747276306
0.671999990940094
0.6800000071525574
0.6880000233650208
0.6959999799728394
0.7039999961853027
0.7120000123977661
0.7200000286102295
0.7279999852180481
0.7360000014305115
0.7440000176429749
0.7519999742507935
0.7599999904632568
0.7680000066757202
0.7760000228881836
0.7839999794960022
0.7919999957084656
0.800000011920929
0.8080000281333923
0.8159999847412109
0.8240000009536743
0.8320000171661377
0.8399999737739563
0.8479999899864197
0.8560000061988831
0.8640000224113464
0.871999979019165
0.8799999952316284
0.8880000114440918
0.8960000276565552
0.9039999842643738
0.9120000004768372
0.9200000166893005
0.9279999732971191
0.9359999895095825
0.9440000057220459
0.9520000219345093
0.9599999785423279
0.9679999947547913
0.9760000109672546
0.984000027179718
